750
263 470 
88 408 
409 894 
873 289 
105 995 
91 521 
344 543 
932 615 
8 701 
44 513 
960 714 
744 327 
31 481 
458 982 
200 150 
915 837 
147 721 
853 469 
988 991 
339 80 
625 619 
581 835 
885 881 
231 817 
562 169 
249 151 
51 32 
840 40 
99 270 
861 336 
153 571 
653 413 
137 494 
912 49 
726 236 
841 26 
376 858 
953 475 
461 705 
114 426 
129 447 
455 144 
952 670 
108 478 
758 242 
495 162 
977 984 
662 438 
643 318 
72 947 
94 123 
444 93 
262 353 
805 993 
735 163 
547 130 
808 188 
422 156 
6 800 
534 133 
522 595 
371 383 
465 155 
537 801 
101 958 
872 259 
651 424 
572 437 
392 759 
244 794 
544 234 
751 55 
622 612 
816 665 
763 321 
674 95 
868 553 
857 345 
608 401 
814 673 
471 634 
37 524 
681 434 
171 134 
199 525 
172 443 
965 297 
118 700 
402 961 
609 973 
909 183 
686 337 
635 796 
191 847 
903 65 
67 66 
415 57 
974 20 
797 476 
224 256 
372 904 
0 846 
385 765 
399 661 
307 215 
10 685 
795 798 
558 27 
474 96 
620 185 
119 138 
577 388 
934 285 
394 636 
542 740 
47 920 
482 384 
999 15 
266 365 
449 204 
676 304 
359 862 
452 607 
52 698 
227 252 
946 813 
350 876 
97 341 
79 511 
957 943 
832 395 
856 600 
929 783 
566 529 
711 657 
760 928 
703 527 
716 788 
599 689 
386 306 
919 146 
53 195 
911 124 
979 368 
331 165 
927 373 
897 583 
810 769 
660 697 
61 503 
579 250 
773 518 
770 633 
243 902 
427 617 
414 666 
198 585 
115 223 
806 675 
102 338 
710 563 
637 695 
628 226 
12 466 
510 573 
630 528 
403 410 
866 271 
618 407 
157 659 
967 464 
937 940 
30 782 
207 454 
432 879 
330 548 
116 18 
762 382 
152 490 
582 781 
774 793 
492 206 
834 824 
58 818 
833 84 
930 428 
601 2 
269 290 
737 828 
668 684 
715 535 
883 273 
825 322 
173 901 
664 237 
221 956 
366 990 
76 257 
182 253 
838 128 
717 949 
891 445 
168 580 
871 590 
996 291 
375 552 
46 335 
624 180 
131 709 
143 981 
405 104 
161 59 
750 459 
355 945 
36 586 
126 568 
882 175 
390 683 
753 980 
238 190 
54 517 
968 218 
578 160 
487 214 
417 545 
288 587 
295 918 
752 280 
71 898 
501 699 
22 
28 
78 
83 
109 
113 
125 
127 
154 
179 
196 
197 
217 
219 
241 
260 
286 
294 
314 
416 
472 
488 
497 
546 
550 
557 
567 
588 
638 
645 
723 
725 
728 
732 
745 
761 
771 
779 
802 
836 
890 
962 
969 
941 484 
264 632 
419 731 
720 86 
598 789 
13 
19 
38 
50 
87 
145 
149 
181 
187 
201 
211 
216 
247 
254 
275 
277 
287 
300 
301 
320 
329 
367 
381 
387 
404 
468 
480 
508 
555 
559 
561 
576 
606 
623 
654 
706 
739 
746 
775 
799 
867 
877 
889 
913 
924 
939 
942 
950 
954 
964 
994 
498 892 
496 85 
696 343 
246 398 
82 363 
749 910 
564 158 
884 69 
631 603 
418 248 
68 589 
4 
5 
11 
23 
34 
81 
89 
90 
92 
103 
139 
148 
166 
228 
281 
296 
302 
313 
348 
349 
360 
364 
370 
411 
423 
429 
433 
450 
451 
457 
467 
479 
485 
504 
509 
539 
541 
551 
616 
629 
644 
648 
677 
679 
704 
729 
755 
756 
757 
768 
777 
792 
803 
830 
855 
864 
880 
887 
899 
923 
963 
972 
117 916 
523 310 
512 64 
9 
21 
35 
48 
70 
98 
106 
167 
202 
208 
265 
292 
305 
389 
456 
462 
463 
499 
500 
507 
530 
532 
549 
594 
613 
614 
627 
641 
688 
712 
736 
860 
896 
900 
905 
907 
926 
936 
951 
986 
992 
985 324 
3 
25 
41 
111 
120 
159 
189 
245 
251 
272 
347 
352 
361 
391 
393 
435 
436 
502 
516 
533 
554 
570 
584 
610 
650 
663 
671 
707 
708 
718 
743 
812 
820 
831 
844 
845 
870 
878 
888 
921 
944 
970 
987 
998 
39 
60 
73 
142 
178 
203 
225 
229 
232 
233 
255 
261 
267 
278 
279 
284 
299 
311 
328 
358 
362 
369 
396 
400 
406 
421 
430 
442 
460 
483 
526 
596 
597 
604 
605 
669 
687 
719 
754 
786 
815 
821 
852 
863 
865 
886 
906 
922 
935 
978 
7 
24 
29 
62 
63 
100 
140 
177 
193 
212 
213 
222 
240 
274 
283 
309 
319 
439 
440 
446 
473 
514 
536 
560 
565 
591 
593 
640 
656 
682 
693 
724 
727 
776 
787 
804 
811 
827 
839 
849 
850 
851 
875 
908 
925 
931 
933 
975 
997 
1 
45 
75 
77 
121 
136 
174 
184 
186 
209 
239 
298 
303 
312 
315 
332 
342 
346 
356 
377 
378 
380 
412 
425 
453 
486 
489 
491 
519 
520 
540 
574 
611 
652 
658 
667 
672 
680 
690 
692 
702 
713 
733 
742 
778 
785 
790 
791 
807 
809 
819 
822 
823 
826 
842 
869 
874 
893 
895 
917 
983 
74 
107 
110 
112 
132 
164 
170 
176 
205 
230 
235 
258 
293 
316 
323 
325 
326 
334 
340 
351 
354 
357 
374 
379 
397 
431 
441 
515 
531 
538 
556 
575 
592 
621 
647 
655 
678 
730 
738 
741 
747 
764 
767 
772 
829 
843 
848 
854 
914 
938 
955 
966 
976 
14 
16 
17 
33 
42 
43 
135 
141 
192 
194 
210 
220 
268 
276 
282 
308 
317 
333 
420 
448 
477 
493 
505 
506 
569 
602 
626 
639 
642 
646 
649 
691 
694 
722 
734 
748 
766 
780 
784 
859 
948 
959 
971 
989 
56 
122 
