750
814 147 
90 
494 116 
131 698 
412 
827 
575 
425 
619 512 
569 
282 
218 543 
509 
449 310 
950 
697 643 
613 
896 
89 
633 490 
536 
5 
667 
92 
305 
669 
40 666 
944 
607 67 
168 937 
929 262 
468 
648 
127 
60 
655 
180 434 
143 115 
457 
788 175 
845 
541 
148 
725 
352 
483 
962 
781 200 
338 795 
485 
260 
890 
304 999 
460 
776 
237 10 
108 395 
705 82 
7 
269 86 
970 
423 
833 600 
897 537 
828 513 
31 578 
110 
686 674 
927 331 
985 599 
538 
465 797 
849 
618 466 
376 474 
647 
448 
971 
109 
100 
292 
398 657 
149 
225 
977 44 
314 
103 
24 
701 901 
280 183 
259 157 
402 737 
196 
835 163 
347 
579 711 
294 
152 518 
732 
366 256 
767 
385 684 
713 
28 
19 
242 64 
487 501 
98 
801 882 
780 
83 
258 
167 
550 
998 
245 
577 634 
188 190 
286 
272 
848 
632 475 
123 133 
834 221 
274 
195 119 
847 783 
802 
361 
708 
820 
530 
277 
141 
105 595 
736 
987 
542 630 
644 
759 76 
907 
232 
208 
411 
270 339 
768 
935 
719 
728 
804 
640 
792 
876 392 
923 
695 99 
498 172 
455 949 
957 335 
22 
889 
443 717 
959 
1 
507 
404 
761 
61 916 
946 699 
811 
785 
384 199 
726 399 
418 769 
846 158 
179 
315 
524 84 
327 495 
23 
456 
20 940 
265 
16 
176 
546 
679 
378 
941 685 
727 
433 
207 581 
877 
296 
32 345 
924 
975 
614 
397 
953 751 
693 
568 794 
516 
374 
74 
624 660 
878 
215 749 
446 
209 
875 
948 
73 
313 
8 720 
570 
881 858 
824 104 
77 
247 
462 
219 
822 
772 
558 832 
793 770 
75 
300 
409 288 
805 968 
936 
586 373 
864 
649 
78 
308 
114 553 
628 837 
223 102 
312 
301 
752 661 
984 918 
691 
318 214 
353 740 
603 371 
919 368 
415 762 
526 
52 528 
974 894 
198 892 
197 
309 
622 234 
742 
365 134 
887 
181 
389 
913 
748 
113 
226 744 
251 
484 427 
293 
502 
893 
694 
764 
93 153 
818 665 
370 
177 
621 
375 91 
730 
344 979 
960 928 
585 696 
938 
784 
140 
972 
66 637 
381 
718 
279 
54 548 
122 
670 156 
107 
307 525 
120 
826 
635 249 
819 
393 
346 
602 
202 
756 
192 
642 
978 
486 
437 97 
809 
283 
145 
851 
356 
34 
592 
904 511 
471 419 
765 651 
62 
63 
212 
203 
673 273 
33 
652 
255 
263 101 
243 563 
191 252 
17 
230 
11 
118 662 
746 
80 681 
81 
267 
291 390 
360 
707 
860 
997 
316 
604 
989 
439 
715 290 
810 503 
244 137 
534 903 
187 
566 947 
464 161 
704 
88 853 
790 
955 
321 206 
18 967 
506 
48 
467 
488 
160 965 
435 
164 
320 
405 995 
224 162 
377 
497 
958 866 
450 
931 
521 324 
403 840 
531 
3 
886 
178 
729 
865 
429 
319 
504 
169 856 
217 
680 
612 285 
303 
527 884 
588 
45 
382 51 
951 
650 
125 
413 426 
722 
383 171 
836 
431 
261 
741 
211 
943 547 
436 
738 
43 
56 
983 
112 
523 981 
606 
712 
235 
535 868 
823 
329 
692 
799 
911 297 
276 
930 862 
544 721 
477 
560 
754 
758 0 
386 452 
555 
135 
609 571 
565 
939 
813 447 
481 710 
771 
479 
210 
278 
778 
391 
138 808 
803 
284 
58 410 
253 589 
869 
594 
323 
463 
139 
396 
85 517 
387 
739 
325 
899 
874 
442 
129 700 
204 902 
852 
440 
855 
639 
229 
867 
420 
250 227 
703 934 
753 564 
963 
779 
596 
812 
317 
400 
922 
37 763 
287 
994 
724 
807 
520 
895 
879 653 
330 617 
545 973 
745 
610 
854 
228 
760 30 
311 
42 
500 
14 
216 
21 
408 72 
678 
39 
9 
454 289 
150 388 
489 
654 
254 
942 
213 
611 
362 
70 
36 601 
453 
193 
478 394 
380 
567 
689 336 
992 
379 
905 
432 675 
672 
25 
714 857 
687 
351 
690 
986 
920 144 
333 
706 
473 
830 
201 
128 71 
421 
540 
238 932 
980 659 
233 
786 
359 401 
906 
132 
46 909 
843 
598 798 
364 
638 
573 522 
683 155 
533 
186 
816 445 
508 
926 
367 
326 
264 873 
557 
743 
136 
682 
302 
996 438 
733 
791 
424 173 
597 
863 
492 482 
35 
590 185 
519 
915 990 
551 
59 961 
299 
406 
559 
766 
332 
95 750 
342 
556 
491 
842 
821 
416 
121 
349 
976 
629 
668 496 
354 
241 
29 
257 664 
954 
645 
50 
459 952 
514 
441 
458 898 
774 817 
549 
914 
576 
775 
969 
747 
363 608 
663 
159 
106 
194 
755 
499 
982 910 
561 
4 
964 
641 
993 615 
27 620 
584 
587 151 
859 
55 789 
580 735 
591 
205 
357 
170 
572 800 
671 
757 
340 
787 
829 
646 
731 165 
510 130 
777 
451 
850 
174 
306 414 
921 
12 709 
334 
87 
166 
838 322 
65 841 
870 
605 
480 
117 676 
925 
422 355 
702 
472 
815 
26 69 
688 
991 773 
616 
626 
900 
908 
966 
880 
372 79 
343 146 
154 
677 
872 295 
189 
782 124 
15 49 
861 246 
956 6 
275 
806 266 
888 
41 
656 
505 
184 
582 2 
236 94 
96 271 
515 
348 
222 
627 
220 
328 
562 825 
476 988 
554 
716 428 
239 
38 
885 883 
369 
493 
574 
844 
268 
142 
625 891 
839 
231 871 
593 
240 
623 
933 
298 
461 47 
631 248 
182 470 
57 945 
917 
723 
552 407 
831 
417 796 
430 
469 444 
13 
126 912 
658 
68 583 
539 
53 341 
358 
734 
281 
532 
337 350 
111 
529 636 
