750
2 861 
416 
718 
926 
915 345 
669 
515 
549 
963 
490 444 
212 
468 
808 717 
924 
404 
435 
809 
613 
776 
366 266 
78 
431 
836 
63 
814 53 
862 31 
771 
177 
486 
112 
538 
347 
442 
298 
890 
653 94 
845 
724 
506 
254 
317 
652 
509 
467 
380 
43 
695 661 
952 129 
50 
197 
657 813 
188 264 
92 
522 670 
167 
815 
402 750 
882 675 
575 
421 
690 
514 
70 
632 684 
947 990 
28 
152 388 
190 510 
245 
687 
880 
707 
340 
275 
259 545 
934 410 
806 982 
550 
826 
466 494 
749 341 
141 
964 
387 
728 
140 
611 
474 57 
706 
811 
606 
56 
540 
875 
600 797 
15 231 
785 
420 
984 80 
894 46 
732 
83 
685 628 
936 
746 
445 72 
823 
887 
691 
929 269 
194 
842 
358 
192 
895 
120 
100 
579 903 
559 
656 
463 
569 
284 
738 
551 
176 
928 624 
777 
871 618 
500 
356 
173 6 
218 67 
297 527 
507 
202 
878 
17 
342 
319 
812 
413 130 
976 
513 558 
209 
713 
532 
893 
922 
517 498 
584 
19 
11 
818 620 
187 
471 376 
87 
381 
678 
489 
155 318 
171 607 
483 
914 
974 66 
704 
241 
702 
450 
526 
911 958 
9 
778 
663 
683 40 
443 762 
384 612 
766 
787 
757 
680 
832 52 
45 
462 
597 
541 
989 
734 
451 
93 123 
991 280 
485 
736 
638 
906 
944 
833 383 
829 
286 
601 191 
37 437 
397 
994 
839 
640 
957 847 
807 
741 
337 183 
268 
270 581 
343 327 
295 147 
786 
908 
626 
761 
160 751 
334 
744 988 
367 
615 214 
339 866 
401 781 
247 
232 
712 
642 
424 204 
13 
277 
681 995 
133 373 
804 
588 
427 156 
75 
905 
230 
959 
4 
368 394 
623 
604 
115 885 
772 
330 131 
145 
148 
496 622 
730 
207 697 
136 
320 
357 
242 454 
536 
180 119 
679 
22 
848 
328 
962 
810 161 
714 58 
370 
170 
501 698 
672 
891 552 
637 304 
658 
361 
616 
764 
921 
902 114 
36 512 
151 617 
884 432 
219 
935 
794 464 
841 26 
651 409 
125 
116 897 
411 
479 
767 
948 
107 
7 
338 965 
610 
625 165 
73 
229 
576 
351 
274 
949 398 
923 
293 
267 
233 
775 
281 
428 395 
747 
840 224 
1 
246 795 
352 
939 
853 828 
677 
899 
34 
954 
907 
377 
553 876 
779 
544 363 
263 478 
309 
273 793 
975 
649 
455 487 
539 
220 
132 
938 
590 200 
300 
727 
983 
723 
436 
399 385 
440 
417 664 
201 
248 912 
621 
596 
279 
134 892 
354 
860 
792 
265 
605 
185 580 
499 
400 
864 
456 
993 250 
271 760 
344 521 
969 
142 
889 
477 
888 
208 
788 10 
886 
325 
849 
629 
228 
567 
137 128 
222 
980 737 
349 
992 
729 
755 
415 710 
574 
586 51 
375 763 
504 
79 782 
302 
791 
877 
336 857 
644 
438 97 
14 
909 783 
495 238 
565 
252 945 
21 
234 350 
186 
240 
323 
754 
546 
283 
374 
648 
74 
863 
333 
251 
32 59 
296 
243 182 
918 372 
819 
940 703 
916 883 
614 
599 138 
631 523 
306 84 
287 
360 
668 700 
346 
412 
223 927 
910 873 
23 
676 27 
124 452 
47 858 
986 
65 117 
35 
174 
211 
547 199 
768 
530 
722 
54 577 
943 595 
258 
591 
329 
568 168 
800 157 
869 
227 426 
753 705 
433 
524 86 
970 
956 534 
977 770 
482 386 
493 
61 765 
560 
497 
733 
557 
470 801 
531 
326 
315 
820 
89 
102 64 
561 
60 
104 953 
472 
919 968 
48 
831 
996 769 
556 
827 
235 
439 
324 408 
449 434 
458 237 
41 
153 518 
473 
101 55 
414 537 
348 
85 686 
276 
633 291 
365 169 
960 542 
113 
465 789 
802 
29 
774 582 
578 967 
332 
752 583 
5 
725 
654 
825 920 
529 872 
178 
307 901 
645 
139 
314 
179 
870 
688 
719 
987 
480 
305 
16 
210 
824 816 
110 
594 
475 162 
294 
942 
850 
689 715 
851 
371 930 
692 
448 
693 
739 
392 150 
88 711 
181 
95 8 
997 
127 
393 
731 946 
3 
253 598 
502 
844 
69 573 
519 
184 
950 
163 716 
196 
941 665 
359 331 
879 198 
76 118 
109 
874 
322 418 
554 
312 
743 
913 
159 
0 932 
972 
630 492 
403 82 
353 758 
650 
195 158 
154 
855 
570 
476 18 
379 
933 
627 
646 
951 
931 
215 108 
364 
508 
369 
671 
708 
24 
430 
852 
593 
868 236 
205 
239 
203 
389 
748 
694 
805 419 
313 
301 
543 699 
193 
42 
310 666 
505 
441 
321 172 
726 469 
674 721 
378 
98 
189 
289 244 
572 636 
311 
303 
985 335 
111 
682 
278 
122 
592 
423 
955 
135 
555 
843 
164 
821 
784 
854 
803 
39 
396 
608 635 
453 
773 382 
149 
175 609 
126 44 
216 
446 
99 528 
256 91 
641 
867 
999 562 
225 
457 
647 
299 
425 
391 
981 720 
166 
973 856 
548 290 
81 
491 
896 
261 
859 
979 105 
667 
103 
12 206 
998 
587 71 
756 
520 
834 835 
121 
822 
655 
696 405 
38 
459 355 
484 798 
865 
260 
566 511 
603 796 
881 846 
745 
634 589 
20 817 
639 
643 709 
759 619 
262 257 
282 
25 
217 
830 
966 
390 898 
285 937 
838 659 
662 447 
249 96 
961 30 
602 
701 481 
925 
503 735 
563 49 
837 461 
362 
146 288 
406 
535 68 
780 
422 660 
488 
904 226 
971 
292 
790 
316 
143 564 
221 585 
740 407 
533 
144 571 
255 
900 
917 
272 
429 
308 
516 
106 
742 
77 
673 525 
978 
460 
799 
213 
90 
33 
62 
